4732
115292
36547960
38043
4739
1812398
785
382
150
16875
630
4519200
1145676
5654885
109
236888
99294290272
18
64
10720
9072
3470
638710800
22289
79632
15840
786942
73056
7575
1758
9918096
18264269124
967782
488
184275
156114735
172038
3792
722
172
13604
76909760
182
824256
12096
591539764
3404
55
107136
11819600
2020
31176366
2400
1953
1274
159
312
468
2135004
1969922
25381
639
151748220
3668
535572
342
787
264
27122
356333271
2337
170
211050
161472
292823120
304
3080
2768
2779
4773
612
74113
14
1022
5455919707
72
5952
4946918400
753
5809248
879
21
567
199
6742
1246
91915
9387312
29304
47424
13353
45152
68585808
70
378
409472
7371
105
29640
270
14746
12
262016
1288
1099
6671
252563
228195
13354056
80
612360
2026
64
224
3975
4203540004
9444008
881
4081916181
75
325864
43963344
3914
302
390
28654612
25206
20792
25152793
1208
158
1016
63514
201057472
96791376
50435
480
244136052871
12261942
122131951
2031
1915462080
2253
8402
9132485
34776
95355
952128
67
91390
7185
672
260
342631
272
430080
26244000
5672
202755
439542
30285
97
77
82054
84720
820
147
645102
2468
1506600
1446
315
5460
2711
36
1827
2035
27
692
5657044
1173562
89
1176
119410290
68933742
80
1664
9992
453609
35231629
37952
90
86400
289
5322240
1350
1616793600
112560
144216
266015
2288160
176595
952
331735824
4565
25579
32
587136
8200
1984
8195272
18897360
125145
50612
719
8316578
1576960
252720
129540384
54499
646
7985
1220688
1500
3408
13441005
3588
643
2280
1180
83888220
819
1312
6192
1758
11043
326592
415
7472
9712710
39557
1482
11100
124700009
6969
3340
577200
3147312
443
1274784
16890
4224
42896
57744
12257
5076
69
24
643517
2703
2431
1289
18
61585920
99968400
444
2370276
27349
866358
2160
2990
187884
5068800
35802
28
712
83668
2128
2112
300
6224064
68544
179826
1074
1777
51072
72201
49716
11691
11426820
10
1649
13350
6520
74496
86
775
620
40176
65240
56
29666565
8265
4219
823977
24
9720028
3696
3503
8442
10553
10648
8652
11928
3162
64
691
35352
2221875
2455971912
260
5600
200774
33778
253919238
755
6279
2142
1906432
184352
377090
814
19
864
346
11744
61997
17800
378000
172613580
42
26575360
1743840
229869
192610566
1032
62987400
17743312
3563
4305011216016
497685
117600
72692
4799334
193536
108089040
111
39516
1844
54
1809866
1024
131401
68550
26538
4696493914530
